data/ppc_lists/targets_28955ef97438a6d6.ecsv
# %ECSV 1.0
# ---
# datatype:
# - {name: ppc_code, datatype: string}
# - {name: ppc_ra, datatype: float64}
# - {name: ppc_dec, datatype: float64}
# - {name: ppc_pa, datatype: float64}
# - {name: ppc_priority, datatype: float64}
# - {name: Fiber usage fraction (%), datatype: float64}
# - {name: ppc_resolution, datatype: string}
# delimiter: ','
# meta: !!omap
# - {original_filename: z4qso_t.csv}
# - {upload_id: 28955ef97438a6d6}
# - {upload_at: '2023-09-07T07:56:05+00:00'}
# schema: astropy-2.0
ppc_code,ppc_ra,ppc_dec,ppc_pa,ppc_priority,Fiber usage fraction (%),ppc_resolution
Point_9,33.71955191682,-6.3801045192,0.0,0.013150775577537419,0.0835421888053467,L
Point_10,33.71955191682,-6.3801045192,0.0,0.013150775577537419,0.0835421888053467,L
Point_12,33.71955191682,-6.3801045192,0.0,0.013150775577537419,0.0835421888053467,L
Point_17,32.88391609164,-6.2804441098,0.0,0.013196352510126512,0.0835421888053467,L
Point_1,29.148734,-6.553594,0.0,0.017326607849497643,0.04177109440267335,L
Point_25,30.3318555848,-6.8060207402,0.0,0.017326607849497643,0.04177109440267335,L
Point_24,30.3318555848,-6.8060207402,0.0,0.017326607849497643,0.04177109440267335,L
Point_23,30.3318555848,-6.8060207402,0.0,0.017326607849497643,0.04177109440267335,L
Point_22,30.3318555848,-6.8060207402,0.0,0.017326607849497643,0.04177109440267335,L
Point_21,30.3318555848,-6.8060207402,0.0,0.017326607849497643,0.04177109440267335,L
Point_28,30.3318555848,-6.8060207402,0.0,0.017326607849497643,0.04177109440267335,L
Point_26,30.3318555848,-6.8060207402,0.0,0.017326607849497643,0.04177109440267335,L
Point_27,30.3318555848,-6.8060207402,0.0,0.017326607849497643,0.04177109440267335,L
Point_8,29.148734,-6.553594,0.0,0.017326607849497643,0.04177109440267335,L
Point_7,29.148734,-6.153594,0.0,0.017326607849497643,0.04177109440267335,L
Point_6,28.748734000000002,-6.153594,0.0,0.017326607849497643,0.04177109440267335,L
Point_5,29.148734,-6.153594,0.0,0.017326607849497643,0.04177109440267335,L
Point_4,29.148734,-6.553594,0.0,0.017326607849497643,0.04177109440267335,L
Point_3,28.748734000000002,-6.153594,0.0,0.017326607849497643,0.04177109440267335,L
Point_2,29.148734,-6.153594,0.0,0.017326607849497643,0.04177109440267335,L
Point_11,33.71955191682,-6.3801045192,0.0,0.026301551155074838,0.04177109440267335,L
Point_32,31.87479342,-6.3952137559999995,0.0,0.026484492910703313,0.04177109440267335,L
Point_31,31.87479342,-6.3952137559999995,0.0,0.026484492910703313,0.04177109440267335,L
Point_30,31.87479342,-6.3952137559999995,0.0,0.026484492910703313,0.04177109440267335,L
Point_29,31.87479342,-6.3952137559999995,0.0,0.026484492910703313,0.04177109440267335,L
Point_2,35.23961766,-6.248134392,0.0,0.026484492910703313,0.04177109440267335,L
Point_1,34.839617659999995,-6.248134392,0.0,0.026484492910703313,0.04177109440267335,L
Point_18,32.48391609164,-5.8804441098,0.0,0.026484492910703313,0.04177109440267335,L
Point_19,32.48391609164,-6.2804441098,0.0,0.026484492910703313,0.04177109440267335,L
Point_3,35.23961766,-6.648134392,0.0,0.026484492910703313,0.04177109440267335,L
Point_16,34.95360546568,-6.4073463746,0.0,0.026484492910703313,0.04177109440267335,L
Point_15,34.95360546568,-6.4073463746,0.0,0.026484492910703313,0.04177109440267335,L
Point_14,34.95360546568,-6.4073463746,0.0,0.026484492910703313,0.04177109440267335,L
Point_1,30.2336686863,-6.5331085537,0.0,0.022849719604710203,0.0835421888053467,M
Point_2,30.2336686863,-6.5331085537,0.0,0.022849719604710203,0.0835421888053467,M
Point_3,30.2336686863,-6.5331085537,0.0,0.022849719604710203,0.0835421888053467,M
Point_4,30.2336686863,-6.5331085537,0.0,0.022849719604710203,0.0835421888053467,M
Point_1,30.53563959,-7.0160865050000005,0.0,0.04620426683609954,0.04177109440267335,M
Point_2,30.13563959,-7.0160865050000005,0.0,0.04620426683609954,0.04177109440267335,M
Point_3,30.13563959,-7.0160865050000005,0.0,0.04620426683609954,0.04177109440267335,M
Point_4,30.53563959,-6.616086505,0.0,0.04620426683609954,0.04177109440267335,M
Point_5,135.88536520000002,-2.056613637,0.0,0.061027740928031454,0.04177109440267335,M
Point_6,135.88536520000002,-2.056613637,0.0,0.061027740928031454,0.04177109440267335,M
Point_7,135.88536520000002,-2.056613637,0.0,0.061027740928031454,0.04177109440267335,M
Point_8,136.2853652,-2.056613637,0.0,0.061027740928031454,0.04177109440267335,M
